SRA: 0.7562647874424403
National: 0.13818149439031216
Canada: 0.018291907293866233
Ex-USA: 0.0016536494771923576
Internal: 0.002315109268069301
Direct: 0.08329305212811967
